BASIS
a = (-0.5, -0.5, 0.5)
b = (-0.5, 0.5, 0.5)
c = (0.5, 0.5, 0.5)

FOR BASIC
{
	XYZ							Basis {a, b, c}

	//SPLINE 1 MAIN LOOP (Entry and Exit through bottom face) 
	(0.35, 0, -0.5)				(-0.5, -0.35, -0.15)
	(0.4, -0.175, 0.175)		(0.35, -0.575, 0.575)
	(0.375, 0.05, 0.3)			(0.25, -0.325, 0.675)
	(0, 0.4, 0.4)				(0, 0.4, 0.4)
	(-0.375, 0.05, 0.3)			(0.25, 0.425, -0.075)
	(-0.4, -0.175, 0.175)		(0.35, 0.225, -0.225)
	(-0.35, 0, -0.5)			(-0.75, 0.35, -1.1)

	//SPLINE 2 RIGHT CROSS (Entry through right face, Exit through top face)
	(0.5, 0, 0)					(0, -0.5, 0.5)
	(-0.02, -0.1, 0.25)			(0.35, -0.08, 0.23)
	(-0.35, 0, 0.5)				(0.5, 0.35, 0.15)

	//SPLINE 3 LEFT CROSS (Entry through left face, Exit through top face)
	(-0.5, 0, 0)				(0, 0.5, -0.5)
	(0.02, 0.1, 0.25)			(0.15, 0.08, 0.27)
	(0.35, 0, 0.5)				(0.5, -0.35, 0.85)
}

FOR JUNCTION
{
	XYZ							Basis {a, b, c}

	//SPLINE 1 MAIN FRONT LOOP (Entry and Exit through bottom face) 
	(-0.3, -0.1, -0.25)			(-0.15, 0.2, -0.55)
	(-0.4, -0.175, 0.175)		(0.35, 0.225, -0.225)
	(-0.375, 0, 0.3)			(0.3, 0.375, -0.075)
	(0, 0.3, 0.4)				(0.1, 0.3, 0.4)
	(0.375, 0, 0.3)				(0.3, -0.375, 0.675)
	(0.4, -0.175, 0.175)		(0.35, -0.575, 0.575)
	(0.3, -0.1, -0.25)			(-0.15, -0.4, 0.05)

	//SPLINE 2 SECOND FRONT LOOP (Entry through left face, Exit through right face)
	(-0.5, 0, -0.25)			(-0.25, 0.5, -0.75)
	(-0.1, 0.45, -0.25)			(-0.7, 0.55, -0.35)
	(0.4, 0.375, 0.175)			(-0.125, -0.025, 0.65)
	(0.375, 0.5, 0.3)			
	(0, 0.7, 0.4)				
	(-0.375, 0.5, 0.3)			
	(-0.4, 0.325, 0.175)		
	(0.1, 0.2, -0.25)			
	(0.5, 0, -0.25)				

	//SPLINE 3 MAIN BACK LOOP (Entry through right face, Exit through bottom face)
	(0.5, 1.4, -0.25)			(-1.65, 0.9, 0.25)
	(-0.4, 1.1, -0.25)			(-1.35, 1.5, -0.65)
	(0, 0.8, -0.25)				(-1.05, 0.8, -0.25)
	(0.4, 0.825, 0.175)			(-0.65, 0.425, 0.575)
	(0.375, 1.05, 0.3)			(-0.75, 0.675, 0.675)
	(0, 1.2, 0.4)				(-0.8, 1.2, 0.4)
	(-0.375, 1, 0.3)			(-0.7, 1.375, -0.075)
	(0.4, 0.825, 0.175)			(-0.65, 0.425, 0.575)
	(-0.2, 1.1, -0.25)			(-1.35, 1.3, -0.45)

	//SPLINE 4 RIGHT BOTTOM LOOP (Entry and Exit through top face)
	(0.1, 1.4, 0.4)				(-1, 1.3, 0.5)
	(0.2, 1.15, 0.175)			(-0.975, 0.95, 0.375)
	(0.75, 0.15, 0.175)			(0.025, -0.6, 0.925)

	//SPLINE 5 LEFT BOTTOM LOOP (Entry and Exit through top face)
	(-0.15, 1.3, 0.175)			(-1.125, 1.45, 0.025)
	(-0.25, 0.15, 0.175)		(0.025, 0.4, -0.075)

	//SPLINE 6 LEFT BACK LOOP (Entry from left face, Exit through bottom face)
	(-0.5, 1.4, -0.25)			(-1.65, 1.9, -0.75)
	(0, 1.45, -0.25)			(-1.7, 1.45, -0.25)

	//SINGLE SPLINE FORM - SPLINE 1
	(-0.5, 1.4, -0.25)
	(0, 1.45, -0.25)
	(0.2, 1.15, -0.825)
	(0.25, 0.15, -0.825)
	(0.3, -0.1, -0.25)
	(0.4, -0.175, 0.175)
	(0.375, 0, 0.3)
	(0, 0.3, 0.4)
	(-0.375, 0, 0.3)
	(-0.4, -0.175, 0.175)	
	(-0.3, -0.1, -0.25)
	(-0.25, 0.15, -0.825)
	(-0.15, 1.3, -0.825)
	(-0.2, 1.1, -0.25)
	(-0.4, 0.825, 0.175)
	(-0.375, 1, 0.3)
	(0, 1.2, 0.4)
	(0.375, 1.05, 0.3)
	(0.4, 0.825, 0.175)
	(0, 0.8, -0.25)
	(-0.4, 1.1, -0.25)
	(0.5, 1.4, -0.25)

	//SINGLE SPLINE FORM - SPLINE 2
	(-0.5, 0, -0.25)
}

FOR CORNER JUNCTION
{
	XYZ							Basis {a, b, c}

	//SPLINE 1 MAIN FRONT LOOP (Entry and Exit through bottom face)
	(-0.141, -0.283, -0.25)		(0.033, -0.142, -0.391)
	(-0.159, -0.407, 0.175)		(0.582, -0.248, 0.016)
	(-0.265, -0.265, 0.3)		(0.565, 0, 0.035)
	(-0.212, 0.212, 0.4)		(0.188, 0.424, 0.188)
	(0.265, 0.265, 0.3)			(0.035, 0, 0.565)
	(0.407, 0.159, 0.175)		(0.016, -0.248, 0.582)
	(0.283, 0.141, -0.25)		(-0.391, -0.142, 0.033)
	
	//SPLINE 2 SECOND FRONT LOOP (Entry through left face, Exit through right face)
	(0, 0.5, -0.25)				(-0.75, 0.5, -0.25)
	(-0.035, 0.177, -0.25)		(-0.427, 0.212, -0.285)
	(-0.336, -0.23, 0.175)		(0.405, 0.106, -0.161)
	(-0.442, -0.088, 0.3)		(0.388, 0.354, -0.142)
	(-0.318, 0.318, 0.4)		(0.082, 0.636, 0.082)
	(0.088, 0.442, 0.3)			(-0.142, 0.354, 0.388)
	(0.23, 0.336, 0.175)		(-0.161, 0.106, 0.405)
	(-0.318, 0.177, -0.25)		(-0.427, 0.495, -0.568)
	(-0.5, 0, -0.25)			(-0.25, 0.5, -0.75)

	//SPLINE 3 MAIN BACK LOOP (Entry through right face, Exit through bottom face)
	(-1, 1.5, -0.25)			(-1.75, 2.5, -1.25)
	(-1.285, 1.285, -0.25)		(-1.535, 2.57, -1.535)
	(-1.311, 0.745, -0.25)		(-0.995, 2.056, -1.561)
	(-0.816, 0.816, -0.25)		(-1.066, 1.632, -1.066)
	(-0.551, 1.116, 0.175)		(-0.941, 1.667, -0.376)
	(-0.727, 1.285, 0.3)		(-0.985, 2.012, -0.427)
	(-1.099, 1.099, 0.4)		(-0.699, 2.198, -0.699)
	(-1.222, 0.672, 0.3)		(-0.372, 1.894, -0.921)
	(-1.116, 0.551, 0.175)		(-0.376, 1.667, -0.941)
	(-1.169, 0.886, -0.25)		(-1.136, 2.055, -1.419)

	//SPLINE 4 RIGHT BOTTOM LOOP (Entry and Exit through top face)
	(-1.169, 1.311, 0.4)		(-0.911, 2.48, -0.769)
	(-0.922, 1.205, 0.175)		(-1.03, 2.127, -0.747)
	(0.071, 0.283, 0.175)		(-0.108, 0.212, 0.246)

	//SPLINE 5 LEFT BOTTOM LOOP (Entry and Exit through top face)
	(-1.275, 1.063, 0.175)		(-0.888, 2.338, -1.1)
	(-0.283, -0.071, 0.175)		(0.246, 0.212, -0.108)

	//SPLINE 6 LEFT BACK LOOP (Entry from left face, Exit through bottom face)
	(-1.5, 1, -0.25)			(-1.25, 2.5, -1.75)
	(-1.285, 1.285, -0.25)		(-1.535, 2.57, -1.535)


}